%% 3a 
state6 =  1 / (1 + 1/180 + 1/180*20/40 + 1/180*20/40*10/20 + 1/180*20/40*10/20*5/2)
state5 = (1/180) / (1 + 1/180 + 1/180*20/40 + 1/180*20/40*10/20 + 1/180*20/40*10/20*5/2)
state4 = (1/180*20/40) / (1 + 1/180 + 1/180*20/40 + 1/180*20/40*10/20 + 1/180*20/40*10/20*5/2)
state3 = (1/180*20/40*10/20) / (1 + 1/180 + 1/180*20/40 + 1/180*20/40*10/20 + 1/180*20/40*10/20*5/2)
state2 = (1/180*20/40*10/20*5/2) / (1 + 1/180 + 1/180*20/40 + 1/180*20/40*10/20 + 1/180*20/40*10/20*5/2)

%% 3b
% same

%% 3c
state6 =  1 / (1 + 1/180 + 1/180*20/40 + 1/180*20/40*10/20 + 1/180*20/40*10/20*5/2);
state5 = (1/180) / (1 + 1/180 + 1/180*20/40 + 1/180*20/40*10/20 + 1/180*20/40*10/20*5/2);
state4 = (1/180*20/40) / (1 + 1/180 + 1/180*20/40 + 1/180*20/40*10/20 + 1/180*20/40*10/20*5/2);
state3 = (1/180*20/40*10/20) / (1 + 1/180 + 1/180*20/40 + 1/180*20/40*10/20 + 1/180*20/40*10/20*5/2);
state2 = (1/180*20/40*10/20*5/2) / (1 + 1/180 + 1/180*20/40 + 1/180*20/40*10/20 + 1/180*20/40*10/20*5/2);
ber6 = state6 * 10^-6;
ber5 = state5 * 10^-5;
ber4 = state4 * 10^-4;
ber3 = state3 * 10^-3;
ber2 = state2 * 10^-2;
average = ber6 + ber5 + ber4 + ber3 + ber2 

%% 3d
state6 =  1 / (1 + 1/180 + 1/180*20/40 + 1/180*20/40*10/20 + 1/180*20/40*10/20*5/2);
state5 = (1/180) / (1 + 1/180 + 1/180*20/40 + 1/180*20/40*10/20 + 1/180*20/40*10/20*5/2);
state4 = (1/180*20/40) / (1 + 1/180 + 1/180*20/40 + 1/180*20/40*10/20 + 1/180*20/40*10/20*5/2);
state3 = (1/180*20/40*10/20) / (1 + 1/180 + 1/180*20/40 + 1/180*20/40*10/20 + 1/180*20/40*10/20*5/2);
state2 = (1/180*20/40*10/20*5/2) / (1 + 1/180 + 1/180*20/40 + 1/180*20/40*10/20 + 1/180*20/40*10/20*5/2);

time6 = (1/1) * 60
time5 = (1/(180 + 20)) * 60
time4 = (1/(40 + 10)) * 60
time3 = (1/(20 + 5)) * 60
time2 = (1/(2)) * 60

%% 3e
% ber tem de ser > que 10^-3
% qual a probabilidade de estar no 10^-2 e 10^-3

state3 = (1/180*20/40*10/20) / (1 + 1/180 + 1/180*20/40 + 1/180*20/40*10/20 + 1/180*20/40*10/20*5/2);
state2 = (1/180*20/40*10/20*5/2) / (1 + 1/180 + 1/180*20/40 + 1/180*20/40*10/20 + 1/180*20/40*10/20*5/2);
final = state2 + state3


%% 3f
state3 = (1/180*20/40*10/20) / (1 + 1/180 + 1/180*20/40 + 1/180*20/40*10/20 + 1/180*20/40*10/20*5/2)
state2 = (1/180*20/40*10/20*5/2) / (1 + 1/180 + 1/180*20/40 + 1/180*20/40*10/20 + 1/180*20/40*10/20*5/2)

ber3 = state3 * 10^-3;
ber2 = state2 * 10^-2;

final = (ber3 + ber2) / (state3 + state2) 





